1 0 0
1 1 1
2 2 1
3 3 3
3 9 2
4 6 7

1 0 1
1 1 2
2 2 2
3 3 4
5 2 0


1 1 0
1 2 1
2 3 1
9 9 9


    # 全站仪下的点
        5.3282,-9.9397,0.1014
        6.3180,-8.0354,0.0772
        5.8233,-8.9618,1.8934
        6.4017,-7.8513,1.2633
        5.2436,-10.0911,1.2927
        3个棱镜
        -3.2649,-6.1361,1.9408
        -3.0964,-5.5495,2.0394
        -2.8109,-5.0284,1.9053
        

    # 布孔图下对应的点

        1.073,0,	0.145
        -1.07,	0,0.15
        0,0,	1.945
        -1.255	,0,1.333
        1.27,0,1.343



